000400000250056104201560015000003000
005020000010003060010500060000050300
301000000001020030010060500000000502
001006000300000460036000005000200500
000210100400000530036000001002043000
001004405003100400006001300605500300
205000000300500020020001006000000603
154000130000002005500400000054000610
600010400005500030010006100004050002
012000000003025004400520200000000650
050600200000060003300010000004001050
000100200000030602106030000004050000
623000010006000040060000500060000351
400000006043002006600300320500000001
004205502000403000000304000503605100
003000210003602000000605100046000300
040050000400014200002160001000050010
603020200603400000000001304006060302
001040000500012003300410005000030200
002003030006000600005000100060400200
510000006010005000000600040500000021
006203050000001002200600000060604500
130240000000050400002060000000013025
001050605000006104104500000205010400
200450000020060500005060010000054001
000030620005010003500010300062060000
000300050042030460016020240030001000
100000420063010600006030230013000002
504006003004001000000600400300300205
004036100000300005200003000001610400
